                                                                                                    |
                                      111                                       1                   |
                                     1   1                     1   11       1    11111 1 1          |
                            1 1 1X        1                   1   1          1   Q--Q--Q--Q--  Z    |
                  11X 11 111--1--1--       1    Y  X         1    1       1             Y           |
        1Y1 1   Q--Q--Q--  Q    Z X         1111111    1 1 1  1 11 1 1 1      1  1       1  1       |
        QQQQ-1    1                Z     1         11--QQQQ--111111Q11Q--1Q--Q--1  Q--Q--Q--Q       |
  1  1  1 1    1 11     1 1      X   1  1    Y111111Z11    1             X         X        1       |
O---------O---------O---------O---------O---------O---------O---------O---------O---------O---------|
----------------------------------------------------------------------------------------------------|
                                                                                                    |
                                                                                                    |
  1111111                Y                  X        YY      X                                      |
   Q--1--Q--Q-- 1           Q--Q--Q--Q--               Q--Q--Q--Q--          Q--Q--Q--Q--           |
     1                Z                      Z             1111111111111111            11111        |
1111  1  1  11 X Z      1 1 1 1 1           1111111111111                    1111111111111111       |
--    Q--Q--Q--Q--     1--Q--Q--Q--        Q--Q--Q--Q--      Q--Q--Q--Q--      Q--Q--Q--Q--         |
                   1111                                                                             |
O---------1-1-O---------P-P-O---------P-P-O---------P-P-O---------O---------O---------O---------P-P-|
----------------------------------------------------------------------------------------------------|
                                                                                                    |
                                                                                                    |
                                                                              1 1                   |
                        1     1 1 1                1 1 1                1 1 1      1 1              |
                     X  1 1         X        Y         1 1                       1 1 1              |
1 1 1 1 1 1   1 1 1   1   1 1        1 1   1   1 1       1 1   1    1 1                1 1 1   1 1 1|
     1 1        1                                                                                   |
1 1 1 1 1 1 1       1 1 1   1            1 1 1               1 1 1                            1 1 1 |
O---------O---------O---------O---------O---------O---------O---------O---------O---------P-P-P-P-P-|
----------------------------------------------------------------------------------------------------|
                                                                                                    |
                                                                                                    |
                                                        1 1                                         |
                     1 1 1                       1 1 1      1 1                                     |
                                 1 1 1                  1 1                                         |
   1 1 1         1 1       1 1               1 1                 1 1 1           1 1                |
                                                                                        1111111115  |
1         1 1 1                  1 1 1 1 1 1                            1 1 1 1       1 1 1 1 1 1 1 |
O---------P-P-O---------P-P-O---------P-P-O---------P-P-O---------O---------O---------O---------P-P-|
----------------------------------------------------------------------------------------------------|
                                                                                                    |
                                                                                                    |
                                                                              1 1                   |
                              1 1 1                1 1 1                1 1 1      1 1              |
                                                                                                    |
              1 1 1       1 1        1 1       1 1       1 1        1 1                1 1 1        |
                                                                                                    |
1 1 1 1 1 1 1       1 1 1                1 1 1               1 1 1                            1 1 1 |
O---------O---------O---------O---------O---------O---------O---------O---------O---------P-P-P-P-P-|
----------------------------------------------------------------------------------------------------|
                                                                                                    |
                                                                                                    |
                                                        1 1                                         |
                     1 1 1                       1 1 1      1 1                                     |
                                                                                                    |
   1 1 1         1 1       1 1               1 1                 1 1 1           1 1                |
                                                                                                    |
1         1 1 1                  1 1 1 1 1 1                            1 1 1 1       1 1 1 1 1 1 1 |
O---------P-P-O---------P-P-O---------P-P-O---------P-P-O---------O---------O---------O---------P-P-|
----------------------------------------------------------------------------------------------------|
                                                                                                    |
                                                                                                    |
                                                                                                    |
                                                                                                    |
                                                                                                    |
                               1                                     1 1                            |
            1 1 1 1 1         1  1     1 1         1 1     1       1 1                              |
    11111111 1 1 1 1 111111111    11111            1 1 1 1           1 1 1                          |
O---------O---------O---------O---------O---------O---------O---------O---------O---------P-P-P-P-P-|
----------------------------------------------------------------------------------------------------|
                                                                                                    |
                                                                                                    |
                                                                                                    |
                                                                                                    |
                                                                                                    |
                                                                                                    |
                                                                                                    |
                                                                                                    |
O---------P-P-O---------P-P-O---------P-P-O---------P-P-O---------O---------O---------O---------P-P-|
----------------------------------------------------------------------------------------------------|
                                                                                                    |
                                                                                                    |
                                                                                                    |
                                                                                                    |
                                                                          1 1                       |
                                1 1 1                 1 1             1 1                           |
                  1 1 1       1       1 1         1 1     1       1 1                               |
    1 1 1 1 1 1 1       1 1 1             1 1 1 1           1 1 1                                   |
O---------O---------O---------O---------O---------O---------O---------O---------O---------P-P-P-P-P-|
----------------------------------------------------------------------------------------------------|
                                                                                                    |
                                                                                                    |
                                                                                                    |
                                                                                                    |
                                                                                                    |
                                                                                                    |
                                                                                                    |
                                                                                                    |
O---------P-P-O---------P-P-O---------P-P-O---------P-P-O---------O---------O---------O---------P-P-|
----------------------------------------------------------------------------------------------------|
                                                                                                    |
                                                         1 1                                        |
      x                                                1     1                                      |
                                         Q--Q--Q--Q--1         1               1                  |
 O---------         1              1 1 1 1 1 1 1             1 1 1 1 1 1 111 11                 |
                1111     1 1 1 1 1 1 1       Q--Q--Q--Q--                    1     1 1 1 1 1        |
                  O---------             1 1 1 1 1 1 1 1 1 1 1 1 1 1 1      1       1        1 1 1 1|
   1 1 1 1 1 1 1 1 1 1 1 1 1 1 1 1 1 1 1                 ---             1 1         111            |
O---------O---------O---------O---------O---------O---------O---------O---------O---------P-P-P-P-P-|
----------------------------------------------------------------------------------------------------|
                                                                                                    |
                                                                                                    |
                                                           1 1 1 1 1 1 1 1 1                        |
                                            1 1 1 1 1 1 1 1                   1 1 1 1 1             |
                             1 1 1 1 1 1 1                                             1 1 1 1 1    |
               1 1 1 1 1 1 1                                                                        |
 1 1 1 1 1 1 1                                                                                      |
                                                                                                    |
O---------P-P-O---------P-P-O---------P-P-O---------P-P-O---------O---------O---------O---------P-P-|
----------------------------------------------------------------------------------------------------|
                                                                                                    |
                                                         1 1                                        |
                                                       1     1                                      |
                                                     1         1                                    |
                    1              1 1 1 1 1 1 1             1 1 1 1 1 1 1 1 1                  |
                1111     1 1 1 1 1 1 1                    -                        1 1 1 1 1        |
                                                         -x-                                 1 1 1 1|
                                                         ---                                        |
O---------O---------O---------O---------O---------O---------O---------O---------O---------P-P-P-P-P-|
----------------------------------------------------------------------------------------------------|
                                                                                                    |
                                                                                                    |
                                                           1 1 1 1 1 1 1 1 1                        |
                                           1 1 1 1 1 1 1 1                   1 1 1 1 1              |
                             1 1 1 1 1 1 1                                             1 1 1 1 1    |
               1 1 1 1 1 1 1                                                                        |
 1 1 1 1 1 1 1                                                                                      |
                                                                                                    |
O---------P-P-O---------P-P-O---------P-P-O---------P-P-O---------O---------O---------O---------P-P-|
----------------------------------------------------------------------------------------------------|
                                                                                                    |
                                                         1 1                                        |
                                                       1     1                                      |
                                                     1         1                                    |
                    11111              1 1 1 1 1 1 1             1 1 1 1 1 1 1 1 1                  |
                1111     1 1 1 1 1 1 1                    -                        1 1 1 1 1        |
                                                         -x-                                 1 1 1 1|
                                                         ---                                        |
O---------O---------O---------O---------O---------O---------O---------O---------O---------P-P-P-P-P-|
----------------------------------------------------------------------------------------------------|
                                                                                                    |
                                                                                                    |
                                                           1 1 1 1 1 1 1 1 1                        |
                                           1 1 1 1 1 1 1 1                   1 1 1 1 1              |
                             1 1 1 1 1 1 1                                             1 1 1 1 1    |
               1 1 1 1 1 1 1                                                                        |
 1 1 1 1 1 1 1                                                                                      |
                                                                                                    |
O---------P-P-O---------P-P-O---------P-P-O---------P-P-O---------O---------O---------O---------P-P-|
----------------------------------------------------------------------------------------------------|
|
[Finished in 0.1s]